4

1 
8:00 09/09/2012 
ABCD123 BA787 10:00 09/09/2012 England
ABCD214 BA707 5:00 02/11/2012 India
J0126541G 12/01/2018 India
05/11/2012 England
Jaykar Shinde M 21
3 15 20 10
11 6 12 3 24 9 37 8 54 19
21 61 22 33 4 59 27 18 4 29
15 62 32 63 24 79 17 58 51 9


0
8:00 09/09/2012 
XBCD151 BA787 9:00 09/09/2012 England
H0122541G 12/01/2017 Australia
05/11/2015 England
Maya Vati F 21
4 25 20 10 15
1 26 32 43 14 29 57 8 84 9
11 41 22 3 24 79 7 98 14 99
11 22 32 43 54 69 77 88 91 0
01 02 12 03 04 69 77 88 91 0

0
8:00 09/07/2012 
DRCT183 BA787 9:00 09/07/2012 China
H0122541G 12/01/2017 Australia
05/11/2010 China
Chirag Agarwal M 27
5 25 20 10 15 30
1 26 32 43 14 29 57 8 84 9
11 41 22 3 24 79 7 98 14 99
11 22 32 43 54 69 77 88 91 0
01 02 12 03 04 69 77 88 91 0
01 42 32 13 04 79 73 81 21 2

1 
8:00 09/09/2012 
PQRS123 BA787 10:00 09/09/2012 England
ABCD214 BA707 5:00 02/11/2012 India
J0126541G 12/01/2017 India
05/11/2015 England
DAVID GILMOUR M 21
5 15 20 10 35 43
11 6 12 3 24 9 37 8 54 19
21 61 22 33 4 59 27 18 4 29
15 32 36 63 34 59 11 54 21 7
18 42 32 33 21 70 17 58 41 9
13 62 82 23 24 79 17 56 51 2
